C        3.719673999999999925   -0.894060999999999995   -0.137392999999999987
C        2.503175999999999846   -1.597229000000000010   -0.048175999999999997
C        1.251881000000000022   -0.986234999999999973   -0.100858000000000003
C        1.209206999999999921    0.427219000000000015   -0.250454000000000010
C        2.421413999999999955    1.155259999999999954   -0.339679000000000009
C        3.642577000000000176    0.505757000000000012   -0.285129000000000021
C       -0.012451000000000000   -1.830406999999999895    0.024327999999999999
C       -1.216590999999999978    0.437773000000000023   -0.238399000000000000
C       -1.269773999999999958   -0.976026999999999978   -0.095588000000000006
C       -2.526139000000000134   -1.576400999999999941   -0.045090999999999999
H       -2.571222000000000119   -2.658910000000000107    0.065508999999999998
C       -3.737155000000000005   -0.862105000000000010   -0.124120999999999995
C       -3.649928000000000061    0.538108000000000031   -0.258056999999999981
C       -2.423375000000000057    1.176906000000000008   -0.313979000000000008
H        2.535573999999999995   -2.679216999999999960    0.073318999999999995
H        2.384549999999999947    2.235565999999999942   -0.454002000000000017
H        4.546998000000000317    1.107350000000000056   -0.357302000000000008
H       -4.549311999999999578    1.147780000000000022   -0.320473999999999981
H       -2.376488000000000156    2.257681999999999967   -0.420227000000000017
C       -0.019009999999999999   -2.909473000000000198   -1.093674999999999953
H       -0.038044000000000001   -2.440094000000000207   -2.089034999999999975
H        0.875457000000000041   -3.545094999999999885   -1.025832999999999995
H       -0.899129999999999985   -3.561793000000000209   -0.999584000000000028
C       -0.012749999999999999   -2.515689000000000064    1.421424000000000021
H        0.877197000000000005   -3.151686999999999905    1.540175999999999989
H       -0.012923000000000000   -1.761595999999999940    2.223135999999999779
H       -0.902989000000000042   -3.151174999999999837    1.539125000000000076
C        5.051447999999999716   -1.654017999999999988   -0.062856999999999996
C       -5.073203999999999603   -1.615963999999999956   -0.061759000000000001
C       -6.280851000000000184   -0.667170999999999959   -0.160097999999999990
H       -6.287799999999999834   -0.108725000000000002   -1.109363000000000099
H       -7.211675999999999753   -1.253279999999999950   -0.111297999999999994
H       -6.300530000000000186    0.059551000000000000    0.667148999999999992
C       -5.161681999999999881   -2.384888000000000119    1.278766999999999987
H       -4.353685999999999723   -3.125224999999999920    1.383995000000000086
H       -5.106640999999999764   -1.694015000000000049    2.135260999999999854
H       -6.120948000000000278   -2.924853000000000147    1.335204000000000057
C       -5.143089999999999939   -2.622065000000000090   -1.235946999999999907
H       -6.100619000000000014   -3.167202000000000073   -1.203583000000000069
H       -5.077657999999999561   -2.103044999999999831   -2.205760999999999861
H       -4.332136000000000209   -3.365269000000000066   -1.190172000000000008
C        6.263158999999999921   -0.717690000000000050   -0.217987999999999987
H        6.303664999999999630    0.038273000000000001    0.581690000000000040
H        7.192338999999999594   -1.306367999999999974   -0.165798000000000001
H        6.254412999999999556   -0.195006000000000013   -1.187443000000000026
C        5.150083999999999662   -2.363153000000000059    1.309477000000000002
H        5.117234999999999978   -1.633143999999999929    2.134184999999999999
H        4.332174000000000191   -3.084754999999999914    1.458665000000000100
H        6.101760999999999768   -2.915055999999999869    1.376870999999999956
C        5.102153999999999634   -2.710217999999999794   -1.192911000000000055
H        4.286374999999999602   -3.444640999999999842   -1.109431000000000056
H        5.033519000000000077   -2.233039999999999914   -2.183854999999999880
H        6.054736000000000118   -3.262040999999999968   -1.143324999999999925
N       -0.001481000000000000    1.106459999999999999   -0.308813000000000004
C        0.006298000000000000    2.559486999999999846   -0.369037000000000004
C        0.029652000000000001    3.287043999999999855    0.891078999999999954
C        0.006347000000000000    3.200025999999999815   -1.594348000000000098
C        0.053022000000000000    4.729966000000000115    0.771314000000000055
C        0.027002999999999999    4.604133000000000031   -1.676309999999999967
H       -0.007257000000000000    2.592134000000000160   -2.502942000000000000
C        0.050990000000000001    5.350207000000000157   -0.457546999999999982
H        0.073218000000000005    5.322600000000000442    1.688256999999999897
H        0.025835000000000000    5.103558999999999735   -2.644321000000000144
H        0.069077000000000000    6.442759999999999820   -0.497790000000000010
C        0.031732999999999997    2.632677999999999852    2.124219000000000079
N        0.033198999999999999    2.054590999999999834    3.159063999999999872
