174
275.6
275.84
276.16
276.39
276.46
360.18
360.35
360.73
370.62
370.72
370.9
372.19
422.95
423.52
423.72
424.13
424.4
458.48
458.94
459.87
460.04
460.22
505.31
509.77
509.92
510.32
510.5
565.67
565.96
566.18
566.46
566.79
569.24
570.54
571.08
585.39
586.37
587.32
596.93
597.73
598.34
598.84
599.33
599.46
599.49
611.24
611.41
611.66
702.45
702.54
703.68
704.4
704.74
750.5
750.56
751.31
751.83
752.11
756.29
756.53
756.8
764.74
764.91
765.37
778.3
778.79
779
779.78
780.13
780.35
780.53
780.98
781.07
792.34
792.9
793.69
793.85
793.95
794.22
794.86
795.71
804.61
804.89
805.45
805.56
805.65
835.44
836.35
837.55
868.82
869.97
871.29
998.16
998.44
998.97
1001.96
1004.88
1005.22
1005.64
1006.08
1112.7
1113.08
1113.37
1114.42
1155.85
1156.25
1156.42
1157.11
1157.93
1220.3
1220.43
1220.65
1242.63
1244.57
1245.19
1282.46
1283.33
1283.56
1284.3
1285.51
1320.87
1321.88
1323.07
1323.55
1323.81
1338.52
1338.65
1339.39
1365.8
1366.14
1366.84
1367.56
1377.97
1378.08
1378.52
1378.77
1416.36
1416.49
1416.67
1416.94
1418.01
1430.06
1430.46
1430.84
1505.34
1505.92
1506.15
1506.79
1507.78
1513.98
1514.62
1515.75
1520.58
1521.15
1521.3
1521.94
1560.98
1587.55
1587.64
1588.43
1589.35
1609.26
1609.72
1611.15
1664.81
1666.44
1667.15
1667.18
1667.95
1671.92
1672.37
1673.3
1674.17
1674.63
